100
16403
10320
12972
22593
13019
24013
32066
2134
24760
20688
5804
5295
2605
8306
14800
2236
29203
18127
22908
25392
476
14483
18805
24431
9095
10495
9612
17037
19550
19445
28167
15548
1117
612
5024
2963
30803
20316
14263
3186
5250
28784
1050
28683
4446
26234
31366
6702
21335
5257
19290
647
30633
30968
7605
23584
19618
12077
17310
16881
15273
4421
28041
26147
7326
1299
15922
32758
32417
9791
9612
16670
11994
10558
17408
2771
23052
22867
22869
566
12927
27149
4930
32303
22529
12282
1018
15092
3919
4352
10026
25628
28814
10972
4392
5076
29483
11250
15533
13915
